%YAML:1.0
---
width: 1280
height: 720
mtx: !!opencv-matrix
   rows: 3
   cols: 3
   dt: d
   data: [ 7.9700476522276017e+02, 0., 321.96697899075298e+02, 0.,
       7.8568981938787886e+02, 2.6915462255149458e+02, 0., 0., 1. ]
dist: !!opencv-matrix
   rows: 1
   cols: 5
   dt: d
   data: [ -3.7381237692742542e-02, 3.3898743153169114e-01,
       -7.6063294513285000e-03, 7.5340238175711123e-03,
       -6.4520208653452871e-01 ]
