%YAML:1.0
---
width: 640
height: 480
mtx: !!opencv-matrix
   rows: 3
   cols: 3
   dt: d
   data: [ 1.2828818429134249e+03, 0., 1.9836862208774224e+02, 0.,
       2.8441259590133182e+03, 2.9707211093540161e+02, 0., 0., 1. ]
dist: !!opencv-matrix
   rows: 1
   cols: 5
   dt: d
   data: [ 1.8294127291810593e+00, -4.3535505889977138e+01,
       1.1914257396695679e-01, 8.5399864372454712e-02,
       2.4450071108813515e+02 ]
